0 300
0 538
1 440
1 588
2 109
2 402
3 126
3 321
4 108
4 201
5 45
5 175
6 30
6 586
7 466
7 560
8 339
8 487
9 194
9 329
10 16
10 532
11 27
11 366
12 170
12 447
13 182
13 445
14 479
14 493
15 21
15 101
16 186
17 60
17 69
18 99
18 155
19 183
19 229
20 394
20 395
21 64
22 417
22 457
23 135
23 377
24 102
24 274
25 43
25 174
26 33
26 119
27 41
28 67
28 337
29 335
29 557
30 229
31 280
31 435
32 239
32 604
33 257
34 71
34 454
35 465
35 489
36 441
36 461
37 47
37 296
38 540
38 602
39 221
39 453
40 161
40 164
41 464
42 136
42 216
43 130
44 54
44 291
45 342
46 61
46 481
47 509
48 53
48 85
49 472
49 587
50 59
50 344
51 312
51 331
52 72
52 453
53 596
54 271
55 257
55 565
56 223
56 444
57 60
57 75
58 239
58 277
59 82
61 535
62 153
62 289
63 196
63 263
64 331
65 361
65 486
66 400
66 473
67 498
68 329
68 340
69 166
70 363
70 600
71 509
72 515
73 363
73 419
74 159
74 207
75 258
76 131
76 383
77 95
77 179
78 103
78 500
79 462
79 514
80 214
80 446
81 145
81 305
82 319
83 350
83 563
84 290
84 583
85 590
86 167
86 399
87 438
87 492
88 259
88 452
89 492
89 537
90 338
90 385
91 132
91 574
92 171
92 443
93 199
93 474
94 130
94 185
95 215
96 118
96 354
97 313
97 562
98 364
98 403
99 537
100 143
100 292
101 123
102 259
103 388
104 131
104 384
105 106
105 234
106 121
107 114
107 318
108 468
109 317
110 471
110 480
111 301
111 439
112 116
112 120
113 429
113 490
114 165
115 261
115 482
116 179
117 443
117 571
118 218
119 386
120 191
121 528
122 512
122 547
123 449
124 497
124 536
125 370
125 467
126 307
127 483
127 530
128 190
128 370
129 412
129 570
132 567
134 333
134 603
135 498
136 205
137 254
137 407
138 240
138 287
139 236
139 481
140 368
140 384
141 244
141 327
142 487
142 527
143 553
144 260
144 456
145 529
146 212
146 322
147 202
147 556
148 299
148 397
149 360
149 411
150 173
150 359
151 407
151 503
152 225
152 549
153 155
154 462
154 500
156 288
156 547
157 272
157 357
158 342
158 366
159 579
160 341
160 376
161 427
162 181
162 426
163 476
163 508
164 234
165 232
166 197
167 288
168 197
168 227
169 286
169 445
170 173
171 208
172 336
172 422
174 272
175 297
176 347
176 403
177 416
177 477
178 230
178 348
180 246
180 416
181 266
182 291
183 448
184 459
184 539
185 559
186 460
187 228
187 320
188 307
188 525
189 478
189 534
190 546
191 571
192 320
192 336
193 408
193 538
194 548
195 322
195 332
196 230
198 485
198 516
199 572
200 434
200 520
201 517
202 461
203 346
203 373
204 278
204 518
205 423
206 310
206 558
207 577
208 371
209 222
209 393
210 306
210 491
211 220
211 289
212 330
213 245
213 549
214 573
215 392
216 304
217 253
217 428
218 575
219 377
219 401
220 543
221 231
222 315
223 266
224 466
224 499
225 394
226 410
226 518
227 335
228 552
231 516
232 269
233 279
233 503
235 513
235 534
236 341
237 424
237 470
238 298
238 303
240 583
241 317
241 541
242 484
242 550
243 246
243 440
244 523
245 493
247 343
247 581
248 281
248 424
250 419
250 594
251 293
251 545
252 444
252 575
253 368
254 602
255 372
255 578
256 362
256 513
258 527
260 339
261 469
262 551
262 572
263 330
264 268
264 324
265 310
265 496
267 432
267 507
268 405
269 420
270 321
270 524
271 520
273 356
273 409
274 468
275 530
275 580
276 401
276 496
277 324
278 604
279 348
280 579
281 542
282 406
282 506
283 295
283 302
284 412
284 495
285 391
285 599
286 346
287 504
290 381
292 506
293 372
294 390
294 457
295 375
296 347
297 323
298 355
299 328
300 573
301 431
302 485
303 539
304 598
305 442
306 600
308 532
308 559
309 434
309 478
311 452
311 567
312 463
313 458
314 576
314 592
315 382
316 474
316 565
318 505
319 586
323 436
325 446
325 568
326 359
326 562
327 560
328 380
332 594
333 436
334 351
334 570
337 448
338 396
340 601
343 413
344 491
345 430
345 597
349 431
349 525
350 352
351 526
352 423
353 541
353 585
354 531
355 383
356 584
357 574
358 471
358 515
360 447
361 501
362 507
364 470
365 397
365 475
367 413
367 561
369 552
369 581
371 409
373 592
374 519
374 543
375 450
376 555
378 512
378 544
379 421
379 521
380 533
381 593
382 522
385 479
386 557
388 476
389 433
389 473
390 456
391 482
392 601
393 514
395 494
396 497
398 433
398 435
399 511
400 405
402 429
404 591
404 595
406 455
408 511
410 556
411 588
414 480
414 591
415 472
415 551
417 432
418 533
418 596
420 536
421 535
422 545
425 554
425 563
426 555
427 524
428 455
430 589
437 460
437 475
438 510
439 569
441 529
442 568
449 517
450 523
451 569
451 584
454 577
458 490
459 561
463 519
464 582
465 542
467 501
469 488
477 499
483 489
484 528
486 502
488 522
494 597
495 580
502 589
504 566
505 587
508 603
510 598
521 548
526 553
531 593
540 550
544 578
546 554
558 599
564 576
564 585
566 582
590 595
