1.6767823967756845 -0.5213917948303832
1.296008592824875 4.205735419969841
1.64946541464735 3.4548168701410895
3.0099793706106936 3.0623323283606894
-0.6099894703757684 4.068887811363135
3.468276608563886 2.4202442514545925
2.2658909994363245 3.684476696131996
1.0823364940684632 3.773624556594521
0.49469529069679563 2.2609552346960546
3.5063491152740482 3.9779618371948167
0.24248527505447637 3.579081491154194
3.6864037612964458 2.425548804079095
1.5785571368173814 4.151058112320692
1.4382052006057977 2.6381120377862253
-0.021551926184716574 1.8181039887340606
-0.7038439789811455 3.790927525977459
0.26806554417549666 3.5363614597928907
0.3517988742486837 2.6463093759252043
-0.8157187080359103 3.010064147420843
2.251519862014063 3.5350058521777457
-0.21579776234314307 1.54326832360577
-0.7184282715152757 3.744327512729204
0.8058623546276822 2.0129309877770485
2.2635350760749713 3.135757812320039
-0.4900112853080314 4.197631031602151
0.03497679405716081 3.9003725121628654
-0.01837228967471516 3.028392134401688
3.7315700756408905 2.4296296826411465
2.2506135675159236 3.3351300410489473
0.13359616816350206 2.9008773857259254
2.259336066269462 3.6341950981485596
1.2744178742032632 1.3327334190086253
1.3669550148926852 0.6081426160952716
-0.0533321428428728 3.0649969750992603
1.4423957809715815 1.6624396244482096
2.308499276630667 1.7859102470523505
1.4838623365392762 0.07262674479485742
1.6280820766986621 1.7491956865743203
2.6494090137026465 3.2038304233558024
1.0273681190371908 2.9863216072773824
2.8945903858041593 2.794224376741221
3.7780596629037086 2.4479268795867233
-0.7321521892876128 2.4734217617806165
0.06686263096029332 3.8657971449809025
1.381922086035472 2.4994020166583075
3.4925285000000006 2.46329625
3.438286036714638 3.586107694258648
1.5838862895910943 1.7323698972123394
0.6289000139690306 2.889858861929211
-0.22201535470232758 2.690779544769387
2.308494072602909 3.8888323276759618
-0.7681133932739443 3.601952548536733
1.0313202299251918 2.8845347724259547
0.5967802737758046 2.92848511428992
1.3689308864542307 2.4582645543980544
-0.13935439369801506 3.112483722608547
3.319917783598905 2.9532216885771128
0.3866590703075561 2.545033066542562
1.3524070796689975 0.7066742869151765
2.29749525602597 3.8281879193887387
0.3701758233397059 2.5962042956331324
3.4494746746379255 3.6347118115408223
-0.824705595255649 3.152865244998645
2.6495597245234457 3.8535041151296383
-0.7368840141776618 3.6972148823966093
-0.4919968777246235 1.6278318203755253
1.2989120442692 1.0516433647993537
2.252752576722992 3.285220971889416
3.5017614116770677 4.078016799873225
0.3308586653981407 2.69407119178783
2.406438846925168 4.16908785879766
1.4892236705639292 1.688830078990292
1.0206998429965486 2.8362545157848897
2.467285086011957 4.241829224469743
1.3006361173190086 1.5293311738622766
0.40191817278858455 2.494072804284426
2.4264227385278296 0.7750062293083211
3.3746494702000422 4.3335054469449155
2.951032109856352 2.0742787008460706
2.744291695859083 2.058759946941213
1.5821273980826454 -0.4164123873194825
1.5269453365200754 -0.1223487085705397
2.2948022848292577 3.817983093531216
-0.6846001543232763 2.1769139934602952
3.8070271702415024 2.7115706307736716
0.6432711621247456 2.8498680731744006
1.8972948601300539 -0.3802381211722352
-0.7894642659050195 2.7660037252893144
-0.34596222771694185 4.2236517025891605
-0.8034364484125298 2.863705822249588
-0.0649409296788721 1.95262678666991
-0.15390570453415253 4.125962202489854
3.1649107099261915 3.992195772581305
-0.20530101587215377 2.9887210930974133
0.11674089989667547 3.7921123461843793
3.40240027934912 4.297470830807387
3.5160696544933883 2.7370144244695194
1.6449068036257408 3.8158125768377493
1.8651814840568028 1.8093839196398847
-0.7991895963369884 2.9643113485052286
2.8497242877917275 1.2191000640825154
-0.6959154953848068 3.840254927668545
-0.44800219552036435 4.221446996020917
2.997770762133281 2.0834053349809514
2.5251095489595707 0.7875691562976508
2.7490448704694757 2.8267115777233967
2.7202232464640117 2.855956473791113
-0.2242663030404075 2.4421298070171282
-0.5856495846642706 4.089255713477376
1.6429936887124938 3.4100101247014942
0.8779472313652041 2.7417701298855146
3.1064190350013288 3.450120238453529
3.238262139906836 4.2711799225713865
1.6558553036883183 3.5980847385416626
-0.2222462290206486 2.392116712679803
2.4005200778870535 2.452855681182081
3.277233039612839 4.303568876029826
3.177737572595581 4.090606367612825
3.4717162894835525 2.76158599614544
0.015004538230126041 2.9895485785492255
3.2138385225864994 4.234705205051364
2.7062881745839986 2.8982009578765853
1.9193903036787567 -0.13694339608123052
-0.6870008271870198 3.889402480767208
-0.13763248057540345 2.133281647706492
-0.5753379991755352 1.7956527782715677
3.0230118696551216 3.110625661310288
2.442380704289855 1.7210604219152827
-0.5947471881214716 1.8914018129769952
2.729145735016405 1.5303571851671656
0.09650805755592007 3.8386759825960177
2.4756266406959613 0.7820862056609617
-0.17727788642714226 4.168273910726865
3.4925285000000006 2.46329625
3.2672900410679553 2.2070562964304887
2.259295326444084 3.185527337074036
-0.7255601721313767 2.4241168242695936
2.64752395 3.3534659526540738
3.907578184200217 2.6014385039524175
3.415314166074344 3.4883432737847357
2.6202106554360567 0.8161532034624059
1.0429423136238327 3.6308290652786583
0.44706519776396814 2.3551818272321645
2.844331841081905 1.264366207359985
0.5872714992862931 2.1516508339207787
1.516288856957884 -0.07353986884791652
2.6311300985125863 4.019573180785574
1.4511293899605704 0.21846842131080102
0.4562984469057363 3.243776296090683
1.4911735127867445 4.226014662885564
1.612175331948511 4.0147812530492395
2.64752395 3.4533760577975094
-0.1448623553835635 1.6325059762469252
-0.8241396491051873 3.0901473929350645
2.8548784360828776 2.063190379588333
-0.8218201167872763 3.0405685973042735
1.9278887334974177 -0.23621505552008237
-0.08124227945252249 4.00065655222748
3.5836963165338274 2.434869795619937
1.2834910571569678 1.4839728862767005
3.372985950009519 3.3448191097693623
2.9208898950087914 2.817469420073662
3.319938437823426 3.153267253670915
3.1421716220662574 2.1246399555874325
2.838879701958038 2.7957748930197406
-0.2187614716057138 2.35908211913271
0.3066856391517261 2.7382126275900776
1.918616012814526 -0.3346984530136652
0.2459629039258857 2.810525896489665
1.4666992824937068 2.7329207046270865
1.5898838981638983 4.097998738797107
3.16697556806736 3.941983134675789
1.7799054747335838 0.3874839783760411
1.6006485219155429 4.055292554239475
-0.011555623324976949 3.9239368078900587
3.4427717829240976 2.3790454417849016
1.7668611842952329 1.7947031056891447
1.13817247898672 4.016803087095766
2.64752395 3.703151454737477
3.3248058113731416 4.332822838447283
1.1928447483654177 4.101460156723124
3.317999731570163 3.103560339077667
1.4243892774560911 2.590524095721211
2.249709947807432 3.485016010123796
2.0845085312864597 0.7706343899221055
0.1490642200122423 3.7525390147413575
0.2934286895422966 3.493630212044966
1.7575272751133908 0.5884720897786426
3.0468828808234285 3.207752065549129
1.234480672967866 2.117963955810671
-0.6129787966144418 1.9378867873623271
3.198902061948539 4.192812692069192
1.759834369636998 0.47684902780292227
1.780909962858039 -0.5184513776696873
3.5074010341867945 3.927775466153139
2.62481870156501 4.119126535083408
2.648942878179705 3.8028237512461027
0.27861023787309147 2.7774565677010017
1.0060570528799029 3.174167917979055
-0.20429364139894446 2.9265502493499325
1.3279544673671944 2.3144277068325083
-0.6186373768009796 4.0213210266413615
1.4625591854053726 0.16993803546025799
1.5093592931308182 2.87714944485392
1.3935609600611514 0.46108846552962035
-0.7186778521801513 2.3747516801366597
2.317599711615543 2.7401720252689783
1.3257594458429791 1.5667275250056303
3.1670788556584615 3.8920731416526424
2.6176683723068512 2.123690915181106
2.342140984610631 4.035510594107528
-0.8220637417914207 3.2789877089028807
2.6410142679880986 3.990134810141362
-0.08192200363162816 1.6744193818802904
1.5889106684081833 -0.4656649033232245
3.439363290839923 4.263302497791831
-0.7386353308982518 2.5226724222076644
2.7487190140837026 0.8939791624229851
3.4296708233263438 2.791660398831847
2.2735413476695943 3.036410950374053
-0.8195994485453306 3.32302711598289
1.0177071250421248 3.034981993006703
2.5808997235606013 2.1567534217805804
3.3181203464268707 3.003813707192055
1.097682262083325 3.872388830028493
-0.1733986229070701 1.5915314916637282
1.4153647373255658 0.36370912575328873
0.2080740796737599 2.8361434983251286
1.759216142106112 0.6435106064649947
2.2545603373139453 3.584333737239034
2.647523949999999 3.753106508843179
1.0105224804959723 3.0717637461498852
-0.20647724984797833 2.315693514186682
2.64752395 3.553286239790535
2.7967605117188636 2.8043808314882117
1.1623990642134592 2.073969055461765
3.4015092467501704 3.440801288859231
2.0140384311864965 1.8197038630256142
2.228039598941929 0.7565588838423407
1.3594247804713495 0.6573405383672846
3.8748076587736735 2.6417155380021047
1.616652485883145 3.3136466517824132
2.6804553759746055 3.0571841242129465
1.2253753413462176 4.190595574236949
1.0359985749354435 3.581548129235446
-0.03189506246789553 1.7132342419796043
1.219540932357785 4.144326734155484
1.821344758818134 0.8195461066155492
2.1144180728370428 1.82224622014959
-0.20173890000000005 1.5504045
2.564800933896012 4.253366263771777
1.8200827951702223 0.242856664185771
3.3589712233736444 2.864727798128902
2.708853773965685 0.8636761216139472
2.647229472624029 3.3037673187321603
1.8731158918474051 0.10493430928148051
1.0798167367167038 2.015469630117135
-0.09399822750305975 3.09196218764106
0.41662268841914196 2.4446006244896648
-0.40172796166277025 4.227757495504356
0.5535225813910949 2.1845372011964823
2.42420248677775 2.4090022527848873
-0.20170724320559041 2.823163130285608
2.6399872991837814 3.901366709219407
1.3303443024744026 0.8547512178907475
2.2997586932535174 2.8364633675884345
3.3193692093851794 3.0534437028450547
0.9395596151191183 1.9849775696681453
1.3214569664862452 0.9037986142909613
-0.1902951092567733 2.2692486192948076
2.9813688793208213 2.966630562872396
1.3587690992800363 2.419219375012524
-0.03992998202141895 3.9518136345674413
3.1645369098218783 3.742249162275962
-0.5301708778410934 4.167173275989047
2.5336448858869156 1.6793266990487776
2.2853434180374395 2.935869375485626
1.3458079084665728 0.756171395879436
1.3839291006685293 0.5100441138169289
2.64752395 3.6032413170791586
1.272305260677682 1.3826533354014785
2.164133467314345 1.8205378222067718
2.845162757475096 1.0508081067636423
1.0109385312416017 3.348385113508926
2.663653067025339 1.6036426136320197
2.353139176718134 2.5967142748748406
1.4822719390314263 2.781022551682235
3.931695075949433 2.5621130116856827
1.9261988382960786 -0.2863067018503127
-0.8238897084229599 3.219039551114691
3.7668499978797056 2.7160480325754914
1.4031919198367788 2.5448444462210933
2.8521861286655987 1.1645827997822975
1.8420504736302235 0.20028603053734173
0.7065136954240714 2.0677756411998063
1.0136322300659257 3.3901088228058027
1.671840749193366 1.764196981529774
3.413836340379701 2.3385349731497396
2.277862087426226 0.7586766271932266
0.48096498383902775 3.200127999574027
1.6403935547737931 -0.49506729154517615
3.095354844430494 3.401526202446354
1.0084412088959693 3.294846236390613
2.1781509253350135 0.7566892448862585
-0.7451910242126851 2.5718747350886657
1.537355230323393 -0.17120803185866418
2.358904963266392 4.082262158631305
3.035289605974003 3.159121917844517
0.18949981900196988 3.664041711423806
1.285561211007503 2.2025878220534123
2.3081837082795476 2.788067241370724
-0.2416186586675686 4.2167789325707705
-0.773473743405273 3.555741714088808
1.649705964630635 3.7610393724468523
1.5475040558077398 3.0222548517575896
2.547408502888981 2.1930579924106457
-0.1977741154584265 3.0988109621389626
1.6302127837766873 3.3617721990368445
-0.2250374731417224 2.503062019769719
2.2903643906543403 3.8102286659572924
1.7576664595817393 0.5251297847065759
2.9961218075846237 3.014310951409974
2.630229604599024 4.069720894140902
3.3775306691758997 2.305441016920385
1.3386890114544578 0.8055841817298566
1.5660829643588947 -0.31813189898395233
1.6312321273983557 3.9210016762237574
1.0518112569051121 3.6794092981385114
0.5019031036550068 3.15248989474548
3.505221460801172 4.028336157171138
2.6404634876790123 3.9517867712819705
-0.7548915265358409 3.649690233421855
2.606292415705858 4.165636404722123
3.306682838455444 2.237313515887215
2.7850495030718054 1.4486665988102958
0.1722782569222998 2.8699004857496204
1.7712623722248595 0.4367841323584445
2.24933879599993 3.3850705841084703
-0.09131765862680008 1.9948501867861737
0.5226820216462622 2.2207912600996256
3.4949946767186715 4.126989498134581
3.3875356475245804 3.3926581136180167
3.541875042772465 2.456090524724239
1.8546132223124894 0.8566034242686715
2.3179082696330955 3.938240816093256
-0.2911012890445519 1.548622744883776
1.4960403531489677 2.829108610624945
1.7190965178642577 1.780359418418426
2.647523950000001 3.6531963897721376
3.0688190585334363 3.305102563786144
-0.6944748030626222 2.226235712627095
2.8052367149208957 1.402691592518197
-0.7033165948951656 2.275817053853343
1.5945125605780106 3.216663502201522
3.561114009404891 2.718843158580894
2.3275674204263463 0.7626912495082765
3.161040841465767 3.6925323520330706
-0.10862064328696652 4.036157310786066
0.9729269172703008 2.750253026351033
1.622372518096166 3.9697376382090255
1.5291325479829658 4.224387819353735
-0.5111139725600731 1.649597887875034
1.0362751610510736 2.0005557965418346
2.4302442409694356 4.2134383081324485
1.9148200565601705 1.8128742377014353
0.3985777662063241 3.3248240236527487
3.624328994938148 2.426089823399204
1.9460435309842978 0.8334760911241519
2.665746377927573 0.8376594026421831
1.7802343558367815 0.7296498864140704
-0.5759154178087669 1.8453036633912392
3.167040659840767 3.842039242184712
1.8583407038958932 0.15302746736050032
1.522369492231685 2.9253783583916384
-0.8003188001625863 3.406358777090273
1.0175849802586319 3.4323509350903008
3.3533302730549135 3.2993195957131993
2.2683110816306646 3.086049843269735
1.907884601000906 -0.039296839160648744
3.486254721687563 3.7802553372564995
0.5194157176085135 3.1052330459056776
3.7095621372841308 2.7154300638019917
2.516967921096099 2.2321788571580496
2.3771046275807324 0.7682515253568543
2.573060435957826 0.7993817220293247
-0.056102837129523575 1.9056871359030767
0.05092154710035901 2.9558672205427587
1.59473165 -0.5149980000000003
3.0451110921477653 2.095811954221521
1.2934716589263404 1.1511398131748374
0.6637125269477826 2.093812277988289
2.3678646585287995 2.5480451364522674
3.467643984566763 4.222753992669094
2.657941238323623 2.094296242525476
-0.20173890000000005 1.5504045
-0.22536650671888592 1.550272558534803
-0.10350837341660979 2.0443430997601713
0.42725609235629625 3.283709918820983
1.2865385308838762 1.2760628241364458
1.878092553492074 -0.42406688687060257
1.3048080201872976 1.0020303736863791
2.2791438787501956 2.986848654083917
1.6530018801611073 3.498985463710342
1.8160350175187654 1.8046036083350652
0.7044899123476389 2.8097898897897977
1.3127154051654033 0.9528503423997545
2.834099927695524 1.0030572773702175
2.64752395 3.403421000332228
1.8241844917760375 -0.5076178317518814
3.1663650969210577 3.7920913540261636
1.4271986785761221 0.31528234693574575
1.4311810060481216 4.222149611078853
2.6934221131751332 1.5659676538564993
1.8985354794419154 0.8497028033705529
0.7794148259682432 2.7490696154471834
-0.21526256513822695 2.775719980135916
1.1618484987736721 4.058399532780686
0.831893731976515 1.994589094442743
0.5644300627736603 3.0172246815516544
2.5188539530094243 4.252863779810137
-0.1733554590949946 2.2223347310079697
3.473907470843331 3.7298453084865715
1.7908931669395804 0.33847687170815455
-0.7113238021845449 2.3253203998438874
2.0642650739301525 1.8217853202985737
-0.6593666093787709 2.0804647271939203
3.3325684237769817 3.2015780789093236
2.947341010383279 2.8742697591142212
2.7845282688149346 0.9283443271145915
1.6551291921880464 3.547021408678841
-0.3323720959282348 1.5485767756553432
3.0819184271576274 3.3533635878130283
0.8896470377158936 1.9822677148801677
1.2915475447182194 1.200906612447004
1.308024458320272 2.2572472768218805
1.2817635747401708 1.2771102448841107
3.3420987692406774 2.2723516302717286
0.3446771555610417 3.4085802606823945
-0.77509493330771 2.71785704036642
3.1147119018507237 3.499252344656714
1.2462851937808566 4.197082079927556
1.4946451136853631 0.02394355824799277
1.5474162950857169 -0.22012213829908056
3.1669037448961745 4.041936518822256
3.3335509074800758 2.9059258451859353
1.4511531921033423 2.6857102112725553
1.57448408230551 -0.3672361524019916
1.5588627038245568 4.1993111470274425
2.2490102576165754 3.4350350806170624
-0.6624293664848131 3.933071238476331
1.0231113409553187 3.482102908408449
3.1345759286475827 3.5860279689702166
-0.30347929790329187 4.222016699575356
1.0327244046351431 2.935364835003626
1.3983294662115568 1.6331845224974115
2.815467708692692 0.966547417734053
0.623983304686857 2.1215899342066615
0.7524413394707201 2.0429377997753697
1.6531357369494621 3.7059336869305914
2.032512492611356 0.7848138074121662
0.3188680977918281 3.4509992962337064
1.473241946762799 0.12127664612338585
2.7989289118304734 2.0584541804842775
-0.7780727442492288 3.4976845345095127
3.826462226753871 2.4554164863877572
2.261868459119179 1.8031595772942408
1.0897412672352527 3.8225924114804517
-0.5608142903808626 1.7586169339099573
-0.5636384193367334 4.129138691021305
2.4416821170309557 2.3621815169717397
1.9641021051988963 1.8165505887026026
0.9293757485206937 2.7397924191935186
-0.21994870389719057 2.7347944074333492
1.2955257089008159 1.1013730363676277
-0.20372959262865886 3.049253031083201
0.3711492494868902 3.366484653714315
3.0987483928554385 2.1093664278499205
1.120552877731912 3.970488805891099
1.2609261432747458 2.1547323719190326
-0.033756622072071085 1.869743730019163
0.8270740480431122 2.74254104956215
3.4273109883715236 3.5368826106148084
2.382680023230142 2.4991376267383583
2.3986193704827574 1.7428906819931553
2.6857580629180156 3.0173501002479752
1.0066456028388093 3.234953426273207
-0.45329700228856606 1.5946483520819612
0.4695078591876971 2.3055713490516174
2.464331517362977 2.3171663893518497
2.3539516664286024 1.7652220075787621
1.655188167622073 3.6513354867938874
2.328799663517601 3.9873185257493113
-0.8005945822986189 2.814520813645072
-0.016295255560127897 1.7622888975183786
-0.25826135820468066 1.5615004026369617
2.6231708263451807 1.6325669161545227
2.292190114013975 2.88563816020058
-0.11436193020972718 2.0925763575094445
2.2556738281795683 3.2353508970808043
1.1075044688398301 3.922019174183691
2.900866659060493 2.0682241136198325
-0.5319089429602291 1.694703984799947
-0.4058805291930043 1.5714424415678918
2.647523949999999 3.5033311417246376
3.9425390871564954 2.5133925970684476
-0.2247755188013265 2.568853968562606
2.85092855484592 1.106567714121839
0.9874763153520743 1.9951747751814182
3.1859014717326843 2.149010449549542
1.5369936638249748 1.7121940989646651
-0.7613538717077293 2.669680954628541
1.856993071456575 -0.4721159928247074
1.9193921652973942 -0.08713223257759228
1.11691682331002 2.0478673099379465
2.7019451108068093 2.0689951737269485
0.998407491938424 2.792947161320952
1.0071808988290303 3.117950946330499
-0.6333005822132176 3.9737088130194076
1.4040630554955142 0.4122446079363069
-0.784967848060186 3.452138537272938
1.344989820302402 2.3698460826933667
3.497042872824329 3.8304685357831736
2.4893511889860616 2.2736902461095356
1.029318728280097 3.531904025034438
2.968370748806187 2.928034412299736
3.05786199545949 3.2564470720098697
2.8215007689161133 1.3550330120569338
0.43144217483557856 2.3978936427892155
2.694389630513066 2.9594846779896127
1.505488034918939 -0.02477721310400227
2.48729237315324 1.7003742216808835
3.6085627520889467 2.711853162915027
0.21639449554228518 3.6216787578055927
0.5363614453197876 3.060842478873142
1.2056892205569354 2.0960339523266267
3.461264151852336 3.6809298644808144
-0.14748551386609354 2.1798228275449905
-0.7998377324592076 2.914330007697239
1.7191102283535828 -0.524990630201442
2.1282470369670348 0.7594189357556171
2.6590277310905313 3.154812246517671
1.605644289632881 3.265189969450423
2.2136654719243634 1.8151741751847572
-0.8138564267110393 3.358411890203547
1.895651864888689 0.008121133674549696
1.810027350055647 0.2935128188767395
-0.6289392327039189 1.9852478542132088
1.92461089609442 -0.18610351903278843
3.505008892692927 3.878793489059162
-0.11841782240249854 1.6640515267714928
2.670640444640954 3.1060896054706304
-0.20254265096445456 2.812696412307421
1.7650578835064379 0.6804484637461901
2.834723668988267 1.3069615162104755
-0.6445619621782721 2.0327451971113843
3.3419553143837835 3.250655823942222
1.4392313919026392 0.2668926519621069
0.09223488094125765 2.928250229382617
2.3281412557849865 2.6924999630047273
0.16218723266034463 3.7084323334111837
1.070570922634352 3.7258965414260943
1.9884794936688346 0.8070487570779523
1.6387462068949312 3.869413333598358
-0.6728727986466825 2.128492355597869
1.5715248199116685 3.1194469474513618
-0.18562932815142408 3.128059785096366
3.9288280179321244 2.4805934998016976
-0.20167277694660113 4.206776507211833
1.5570262875249234 -0.26909532747857856
3.131649206256279 3.5553656605915043
2.7600571294380316 1.491687372149265
3.188392632289662 4.1441703522243
-0.2025127254190633 2.872075601009093
1.59473165 -0.5149980000000003
-0.1330553270518866 4.08064920359696
3.3915501649727213 2.826340157751937
1.5596486142915618 3.070829645767963
1.358844197447481 1.6012265602968867
1.8870153091920492 0.05711900877113418
1.2746885466360554 1.434073382306968
2.5795628383358915 1.6570226614097354
1.8053889944730743 0.7737361815120787
3.8715400851201425 2.468180458872429
3.8458642457921863 2.683724640498035
3.152063888690636 3.6447982555253504
1.5831427696723792 3.1680703638988574
2.274151692016291 3.7340244194678123
-0.22369621949595064 2.6334462710208157
1.3618832814873985 4.214740563563609
-0.3652686138257728 1.554671168624914
0.6832596215969575 2.8268218059892973
0.7350635848104545 2.7674069042308203
1.5350810474558862 2.9737589583291717
3.652897247252964 2.7133406194403795
2.5976055481673423 4.212472931715161
0.6818942534147245 2.8156936803061203
0.5898896420782322 2.975057982036402
-0.27930313480847646 1.5434487198532345
-0.7520006964803048 2.621034629961555
2.339942893311358 2.644773298299504
2.380064329839092 4.127018356784043
3.4839469647429233 4.175239984788704
2.64587092472389 3.253309481680816
3.22731859844681 2.177052252074245
1.3750917869520607 0.5590529859586484
